
                                               CUSTOMER SERVICE AREA/DISTRICT 3 DIGIT/5 DIGIT LISTING
    REPORT AIS002P1                                                                                                                 DATE:  04/26/2025
    AREA   AREA NAME
      DIST  DIST NAME             ZIP   ZIP   ZIP   ZIP   ZIP   ZIP   ZIP   ZIP   ZIP   ZIP   ZIP   ZIP   ZIP   ZIP   ZIP   ZIP   ZIP   ZIP   ZIP
    4B     ATLANTIC
      020   MA-RI                 010   011   012   013   014   015   016   017   018   019   020   021   022   023   024   025   026   027   028
                                  029   055
      040   ME-NH-VT              030   031   032   033   034   035   036   037   038   039   040   041   042   043   044   045   046   047   048
                                  049   050   051   052   053   054   056   057   058   059
      060   CONNECTICUT           060   061   062   063   064   065   066   067   068   069
      070   NEW JERSEY            070   071   072   073   074   075   076   077   078   079   080   081   082   083   084   085   086   087   088
                                  089
      100   NEW YORK 1            100   101   102   103   104   112
      117   NEW YORK 2            005   110   111   113   114   115   116   117   118   119
      120   NEW YORK 3            105   106   107   108   109   120   121   122   123   124   125   126   127   128   129   130   131   132   133
                                  134   135   136   137   138   139   140   141   142   143   144   145   146   147   148   149
      150   PENNSYLVANIA 1        150   151   152   15301 15311 15312 15313 15314 15315 15316 15317 15320 15321 15322 15323 15324 15325 15327 15329
                                  15330 15331 15332 15333 15334 15336 15337 15338 15339 15340 15341 15342 15344 15345 15346 15347 15348 15349 15350
                                  15351 15353 15357 15358 15359 15360 15361 15362 15363 15364 15365 15366 15367 15368 15370 15376 15377 15378 15379
                                  154   155   156   157   158   159   160   161   162   163   164   165   166   167   168   169   170   171   172
                                  173   174   175   176   177   178   179   26036 26060
      190   DE-PA 2               180   181   182   183   184   185   186   187   188   189   190   191   192   193   194   195   196   197   198
                                  199
      200   MARYLAND              200   202   203   204   20500 20501 20502 20503 20504 20505 20506 20507 20508 20509 20510 20511 20515 20520 20522
                                  20523 20524 20525 20526 20527 20528 20529 20530 20531 20533 20534 20535 20536 20537 20538 20539 20540 20541 20542
                                  20543 20544 20546 20547 20548 20549 20551 20552 20553 20554 20555 20557 20559 20560 20565 20566 20570 20571 20572
                                  20573 20575 20576 20577 20578 20579 20580 20581 20585 20586 20588 20590 20591 20593 20594 20597 20598 20599 206
                                  207   208   209   210   211   212   214   215   216   217   218   219
      230   VIRGINIA              20101 20102 20103 20104 20105 20106 20108 20109 20110 20111 20112 20113 20115 20116 20117 20118 20119 20120 20121
                                  20122 20124 20128 20129 20130 20131 20132 20134 20135 20136 20137 20138 20139 20140 20141 20142 20143 20144 20146
                                  20147 20148 20149 20151 20152 20153 20155 20156 20158 20159 20160 20163 20164 20165 20166 20167 20168 20169 20170
                                  20171 20172 20175 20176 20177 20178 20180 20181 20182 20184 20185 20186 20187 20188 20190 20191 20192 20194 20195
                                  20196 20197 20198 220   221   222   223   224   225   226   227   228   229   230   231   232   233   234   235
                                  236   237   238   239   240   241   242   243   244   245   246   24715 24815 24817 24826 24850 24866 24872 24873
                                  24884 24894 37620 37621 37625
      270   NORTH CAROLINA        270   271   272   273   274   275   276   277   278   279   280   281   282   283   284   285   286   287   288
                                  289
    4E     WESTPAC
      800   CO-WY                 800   801   802   803   804   805   806   807   808   809   810   811   812   813   814   815   816   820   821
                                  822   823   824   825   826   827   828   829   830   831
      852   AZ-NM                 79821 850   851   852   853   855   856   857   859   860   863   864   865   870   871   873   874   875   876
                                  877   878   879   880   881   882   883   884
      890   NV-UT                 840   841   842   843   844   845   846   847   890   891   893   894   895   897   898   96107 96120 96133
      900   CALIFORNIA 5          900   901   902   903   904   905   90601 90602 90603 90604 90605 90606 90607 90608 90609 90610 90620 90621 90622
                                  90623 90624 90630 90631 90632 90633 90637 90638 90639 90640 90650 90651 90652 90670 90671 90680 907   908
      913   CALIFORNIA 3          913   914   915   916   930   931   932   933   934   935   936   937   938   939   95301 95303 95304 95305 95306
                                  95307 95309 95310 95311 95312 95313 95315 95316 95317 95318 95319 95321 95322 95323 95324 95325 95326 95327 95328
                                  95329 95333 95334 95335 95338 95340 95341 95343 95344 95345 95346 95347 95348 95350 95351 95352 95353 95354 95355
                                  95356 95357 95358 95360 95361 95363 95364 95365 95367 95369 95370 95372 95373 95374 95375 95376 95377 95378 95379
                                  95380 95381 95382 95383 95385 95386 95387 95388 95389 95391 95397
      920   CALIFORNIA 6          919   920   921   922   923   924   925
      926   CALIFORNIA 4          90660 90661 90662 910   911   912   917   918   926   927   928
      940   CALIFORNIA 1          940   941   943   944   949   950   951   954   955   959   960
      956   CALIFORNIA 2          942   945   946   947   948   952   95320 95330 95336 95337 95366 95368 956   957   958   96101 96103 96104 96105
                                  96106 96108 96109 96110 96111 96112 96113 96114 96115 96116 96117 96118 96119 96121 96122 96123 96124 96125 96126
                                  96127 96128 96129 96130 96132 96134 96135 96136 96137 96140 96141 96142 96143 96145 96146 96148 96150 96151 96152
                                  96154 96155 96156 96157 96158 96160 96161 96162

                                               CUSTOMER SERVICE AREA/DISTRICT 3 DIGIT/5 DIGIT LISTING
    REPORT AIS002P1                                                                                                                 DATE:  04/26/2025
    AREA   AREA NAME
      DIST  DIST NAME             ZIP   ZIP   ZIP   ZIP   ZIP   ZIP   ZIP   ZIP   ZIP   ZIP   ZIP   ZIP   ZIP   ZIP   ZIP   ZIP   ZIP   ZIP   ZIP
    4E     WESTPAC
      967   HAWAII                967   968   969
      970   ID-MT-OR              58838 590   591   592   593   594   595   596   597   598   599   832   833   834   835   836   837   83801 83802
                                  83803 83804 83805 83806 83808 83809 83810 83811 83812 83813 83814 83815 83816 83821 83822 83823 83825 83826 83827
                                  83830 83832 83833 83834 83835 83836 83837 83839 83840 83841 83842 83843 83844 83845 83846 83847 83848 83849 83850
                                  83851 83852 83853 83854 83855 83856 83857 83858 83860 83861 83864 83865 83866 83867 83868 83869 83871 83872 83873
                                  83874 83876 83877 970   971   972   973   974   975   976   977   978   979   99179
      980   WASHINGTON            83824 83870 980   981   982   983   984   985   986   988   989   990   99101 99102 99103 99104 99105 99109 99110
                                  99111 99113 99114 99115 99116 99117 99118 99119 99121 99122 99123 99124 99125 99126 99128 99129 99130 99131 99133
                                  99134 99135 99136 99137 99138 99139 99140 99141 99143 99144 99146 99147 99148 99149 99150 99151 99152 99153 99154
                                  99155 99156 99157 99158 99159 99160 99161 99163 99164 99166 99167 99169 99170 99171 99173 99174 99176 99180 99181
                                  99185 992   993   994
      995   ALASKA                995   996   997   998   999
    4G     SOUTHERN
      006   PUERTO RICO           006   007   008   009
      290   SOUTH CAROLINA        290   291   292   293   294   295   296   297   298   299
      300   GEORGIA               300   301   302   303   304   305   306   307   308   309   310   311   312   313   314   315   316   317   318
                                  319   398   399
      320   FLORIDA 1             320   321   322   323   324   325   326   327   344
      330   FLORIDA 3             330   331   332   333   334   349
      335   FLORIDA 2             328   329   335   336   337   338   339   341   342   346   347
      350   AL-MS                 350   351   352   354   355   356   357   358   359   360   361   362   363   364   365   366   367   368   369
                                  386   387   388   389   390   391   392   393   394   395   396   397
      370   TENNESSEE             370   371   372   373   374   375   37601 37602 37604 37605 37614 37615 37616 37617 37618 37640 37641 37642 37643
                                  37644 37645 37650 37656 37657 37658 37659 37660 37662 37663 37664 37665 37669 37680 37681 37682 37683 37684 37686
                                  37687 37688 37690 37691 37692 37694 37699 377   378   379   380   381   38201 38220 38221 38222 38223 38224 38225
                                  38226 38229 38230 38231 38232 38233 38235 38236 38237 38238 38240 38241 38242 38251 38253 38254 38255 38256 38258
                                  38259 38260 38261 38271 38281 383   384   385
      700   LOUISIANA             700   701   703   704   705   706   707   708   710   711   712   713   714
      730   AR-OK                 716   717   71801 71802 71820 71822 71823 71825 71826 71827 71828 71831 71832 71833 71834 71835 71836 71837 71838
                                  71839 71840 71841 71842 71845 71846 71847 71851 71852 71853 71855 71857 71858 71859 71860 71861 71862 71864 71865
                                  71866 719   720   721   722   723   724   725   726   727   728   729   730   731   734   735   736   737   738
                                  739   740   741   743   744   745   746   747   748   749
      752   TEXAS 1               71854 750   751   752   753   754   755   756   757   758   759   760   761   762   763   764   76561 76621 76622
                                  76623 76624 76626 76627 76628 76629 76630 76631 76632 76633 76634 76635 76636 76637 76638 76639 76640 76641 76642
                                  76643 76644 76645 76648 76649 76650 76651 76652 76653 76654 76655 76657 76660 76661 76664 76665 76666 76667 76670
                                  76671 76673 76676 76678 76679 76680 76681 76682 76684 76685 76686 76687 76689 76690 76691 76692 76693 767
      770   TEXAS 2               770   772   773   774   775   776   777   778   77901 77902 77903 77904 77905 77950 77951 77954 77957 77960 77961
                                  77962 77963 77964 77967 77968 77969 77970 77971 77973 77974 77975 77976 77977 77978 77979 77982 77983 77984 77986
                                  77987 77988 77989 77990 77991 77994 77995 78107 783   784   785
      780   TEXAS 3               733   76501 76502 76503 76504 76508 76511 76513 76518 76519 76520 76522 76523 76524 76525 76526 76527 76528 76530
                                  76531 76533 76534 76537 76538 76539 76540 76541 76542 76543 76544 76547 76548 76549 76550 76554 76556 76557 76558
                                  76559 76564 76565 76566 76567 76569 76570 76571 76573 76574 76577 76578 76579 76596 76597 76598 76599 76656 768
                                  769   77993 780   78101 78102 78104 78108 78109 78111 78112 78113 78114 78115 78116 78117 78118 78119 78121 78122
                                  78123 78124 78125 78130 78131 78132 78133 78135 78140 78141 78142 78143 78144 78145 78146 78147 78148 78150 78151
                                  78152 78154 78155 78156 78159 78160 78161 78162 78163 78164 782   786   787   788   789   790   791   792   793
                                  794   795   796   797   79830 79831 79832 79834 79835 79836 79837 79838 79839 79842 79843 79845 79846 79847 79848
                                  79849 79851 79852 79853 79854 79855 799   885
    4J     CENTRAL
      400   KY-WV                 15310 15352 15380 24701 24712 24714 24716 24719 24724 24726 24729 24731 24732 24733 24736 24737 24738 24739 24740
                                  24747 24751 24801 24808 24811 24813 24816 24818 24822 24823 24827 24828 24829 24830 24831 24834 24836 24839 24843
                                  24844 24845 24846 24847 24848 24849 24851 24853 24854 24855 24857 24859 24860 24861 24862 24867 24868 24869 24870
                                  24871 24874 24878 24879 24880 24881 24882 24887 24888 24892 24895 24898 249   250   251   252   253   254   255
                                  256   257   258   259   26003 26030 26031 26032 26033 26034 26035 26037 26038 26039 26040 26041 26047 26050 26055
                                  26056 26058 26059 26062 26070 26074 26075 261   262   263   264   265   266   267   268   38257 400   401   402
                                  403   404   405   406   407   408   409   410   411   412   413   414   415   416   417   418   420   421   422
                                  423   424   425   426   427   47142

                                               CUSTOMER SERVICE AREA/DISTRICT 3 DIGIT/5 DIGIT LISTING
    REPORT AIS002P1                                                                                                                 DATE:  04/26/2025
    AREA   AREA NAME
      DIST  DIST NAME             ZIP   ZIP   ZIP   ZIP   ZIP   ZIP   ZIP   ZIP   ZIP   ZIP   ZIP   ZIP   ZIP   ZIP   ZIP   ZIP   ZIP   ZIP   ZIP
    4J     CENTRAL
      440   OHIO 1                434   435   436   439   440   441   442   443   444   445   446   447   448   449   458
      450   OHIO 2                430   431   432   433   437   438   450   451   452   453   454   455   456   457   459   47010
      460   INDIANA               460   461   462   463   464   465   466   467   468   469   47001 47003 47006 47011 47012 47016 47017 47018 47019
                                  47020 47021 47022 47023 47024 47025 47030 47031 47032 47033 47034 47035 47036 47037 47038 47039 47040 47041 47042
                                  47043 47060 47102 47104 47106 47107 47108 47110 47111 47112 47114 47115 47116 47117 47118 47119 47120 47122 47123
                                  47124 47125 47126 47129 47130 47131 47132 47133 47134 47135 47136 47137 47138 47140 47141 47143 47144 47145 47146
                                  47147 47150 47151 47160 47161 47162 47163 47164 47165 47166 47167 47170 47172 47174 47175 47177 47190 47199 472
                                  473   474   475   476   477   478   479
      481   MICHIGAN 1            480   481   482   483   484   485   492
      493   MICHIGAN 2            486   487   488   489   490   491   493   494   495   496   497   498   499
      500   IA-NE-SD              500   501   502   503   504   505   506   507   508   509   510   511   512   513   514   515   516   520   521
                                  522   523   524   525   526   52701 52720 52721 52722 52726 52728 52729 52730 52732 52733 52734 52736 52737 52738
                                  52739 52742 52745 52746 52747 52748 52749 52751 52752 52753 52754 52755 52756 52757 52758 52759 52760 52761 52765
                                  52766 52767 52768 52769 52771 52772 52773 52774 52776 52777 52778 528   570   571   57201 57212 57213 57214 57216
                                  57217 57218 57219 57220 57221 57223 57224 57225 57226 57227 57231 57232 57233 57234 57235 57236 57237 57238 57239
                                  57241 57242 57243 57245 57246 57247 57248 57249 57251 57252 57256 57257 57258 57259 57261 57262 57263 57264 57265
                                  57266 57268 57269 57270 57271 57272 57273 57274 57276 57278 57279 573   57401 57402 57420 57421 57422 57424 57427
                                  57428 57429 57430 57432 57433 57434 57435 57436 57437 57438 57439 57440 57442 57445 57448 57449 57450 57451 57452
                                  57454 57455 57456 57457 57460 57461 57465 57466 57467 57468 57469 57470 57471 57472 57473 57474 57475 57476 57477
                                  57479 57481 575   576   577   58043 58568 58581 61230 61259 61285 680   681   683   684   685   686   687   688
                                  689   690   691   692   693
      530   WISCONSIN             530   531   532   534   535   537   538   539   540   541   542   543   544   545   54601 54602 54603 54610 54611
                                  54612 54613 54614 54615 54616 54618 54619 54620 54621 54622 54623 54624 54625 54626 54627 54628 54629 54630 54631
                                  54632 54634 54635 54636 54637 54638 54639 54641 54642 54643 54644 54645 54646 54648 54649 54650 54651 54652 54653
                                  54654 54655 54656 54657 54659 54660 54661 54662 54664 54665 54666 54667 54669 54670 547   548   549   55084
      553   MN-ND                 54658 55001 55003 55005 55006 55007 55008 55009 55010 55011 55012 55013 55014 55016 55017 55018 55019 55020 55021
                                  55024 55025 55026 55027 55029 55030 55031 55032 55033 55036 55037 55038 55040 55041 55042 55043 55044 55045 55046
                                  55047 55049 55051 55052 55053 55054 55055 55056 55057 55060 55063 55065 55066 55067 55068 55069 55070 55071 55072
                                  55073 55074 55075 55076 55077 55078 55079 55080 55082 55083 55085 55087 55088 55089 55090 55092 551   553   554
                                  555   556   557   558   559   560   561   562   563   564   565   566   567   57255 57260 57426 57441 57446 58001
                                  58002 58004 58005 58006 58007 58008 58009 58011 58012 58013 58015 58016 58017 58018 58021 58027 58029 58030 58031
                                  58032 58033 58035 58036 58038 58040 58041 58042 58045 58046 58047 58048 58049 58051 58052 58053 58054 58056 58057
                                  58058 58059 58060 58061 58062 58063 58064 58065 58067 58068 58069 58071 58072 58074 58075 58076 58077 58078 58079
                                  58081 581   582   583   584   58501 58502 58503 58504 58505 58506 58507 58520 58521 58523 58524 58528 58529 58530
                                  58531 58532 58533 58535 58538 58540 58541 58542 58544 58545 58549 58552 58554 58558 58559 58560 58561 58562 58563
                                  58564 58565 58566 58569 58570 58571 58572 58573 58575 58576 58577 58579 58580 586   587   58801 58802 58803 58830
                                  58831 58833 58835 58843 58844 58845 58847 58849 58852 58853 58854 58856
      604   ILLINOIS 2            52727 52731 52750 60144 60147 604   605   609   61201 61204 61231 61232 61233 61234 61235 61236 61237 61238 61239
                                  61240 61241 61242 61243 61244 61250 61251 61252 61254 61256 61257 61258 61260 61261 61262 61263 61264 61265 61266
                                  61270 61272 61273 61274 61275 61276 61277 61278 61279 61281 61282 61283 61284 61299 613   614   615   616   617
                                  618   619   620   622   623   624   625   626   627   628   629
      606   ILLINOIS 1            600   60100 60101 60102 60103 60104 60105 60106 60107 60108 60109 60110 60111 60112 60113 60115 60116 60117 60118
                                  60119 60120 60121 60122 60123 60124 60126 60128 60129 60130 60131 60132 60133 60134 60135 60136 60137 60138 60139
                                  60140 60141 60142 60143 60145 60146 60148 60150 60151 60152 60153 60154 60155 60156 60157 60159 60160 60161 60162
                                  60163 60164 60165 60168 60169 60171 60172 60173 60174 60175 60176 60177 60178 60179 60180 60181 60183 60184 60185
                                  60186 60187 60188 60189 60190 60191 60192 60193 60194 60195 60196 60197 60199 602   603   606   607   608   610
                                  611
      630   KS-MO                 630   631   633   634   635   636   637   638   639   640   641   644   645   646   647   648   649   650   651
                                  652   653   654   655   656   657   658   660   661   662   664   665   666   667   668   669   670   671   672
                                  673   674   675   676   677   678   679

                                               CUSTOMER SERVICE AREA/DISTRICT 3 DIGIT/5 DIGIT LISTING
    REPORT AIS002P1                                                                                                                 DATE:  04/26/2025
    AREA   AREA NAME
      DIST  DIST NAME             ZIP   ZIP   ZIP   ZIP   ZIP   ZIP   ZIP   ZIP   ZIP   ZIP   ZIP   ZIP   ZIP   ZIP   ZIP   ZIP   ZIP   ZIP   ZIP
    4M     OVERSEAS
      090   MILITARY POSTAL SERV  090   091   092   093   094   095   096   097   098   099   20189 20521
      340   MILITARY POSTAL SERV  340
      962   MILITARY POSTAL SERV  962   963   964   965   966
    4N     HEADQUARTERS
      HQ    HEADQUARTERS          569   888
